0,1,2,3,4,5,6,7,8,9,10,11,12,13,14,15,16,17,18,19,20,21,22,23,24,25,26,27,28,29,30,31,32,33,34,35,36,37,38,39,40,41,42,43,44,45,46,47,48,49,50,51,52,53,54,55,56,57,58,59,60,61,62,63,64,65,66,67,68,69,70,71,72,73,74,75,76,77,78,79,80,81,82,83,84,85,86,87,88,89,90,91,92,93,94,95,96,97
0.000788596,0.000446334,0.000631422,0.000611213,0.000422642,0.000659646,0.00069313,0.000299948,0.00060272,0.000957167,0.000481124,0.0008792,0.000549772,0.000843044,0.000660297,0.000516246,0.000796756,0.000702498,0.000253899,0.000997315,0.000311596,0.000789219,0.000642675,0.000367078,0.000554433,0.000444055,0.000562438,0.000833194,0.00070372,0.00085269,0.000661154,0.00088192,0.000376032,0.000661062,0.000191722,0.000495827,0.000447263,0.00076611,0.000352455,0.00040078,0.000758736,0.000617283,0.000545303,0.000718815,0.001061583,0.000966813,0.000567229,0.000668644,0.00066348,0.000373397,0.000475297,0.000562477,0.00085244,0.000516711,0.000741739,0.001127009,0.000502719,0.000773377,0.000773018,0.000621916,0.000735254,0.000818286,0.001122101,0.000518103,0.000956761,0.000563803,0.000560173,0.000458462,0.000691093,0.000843104,0.000685514,0.000708252,0.000893727,0.00093978,0.000402911,0.000609448,0.000574347,0.000729522,0.000684135,0.000195722,0.00074603,0.000659724,0.000632433,0.000373343,0.000236587,0.000528531,0.000365166,0.000825253,0.000248018,0.000767767,0.000422973,0.000543779,0.000709244,0.000814092,0.000653313,0.000685878,0.000176106,0.000879318
0.000446334,0.001340993,0.001044708,0.00056033,0.000337343,0.000484187,0.000448112,0.000434221,0.000466988,0.000494184,0.000394973,0.000417361,0.000400926,0.000807999,0.000838456,0.000414494,0.0003006,0.000698709,0.00035375,0.000394227,0.0001072,0.000516123,0.000416989,0.000524322,0.000517083,0.000537427,0.000513794,0.000555973,0.000547636,0.000681449,0.000413754,0.000710194,0.00035483,0.000925086,0.000319642,0.000598642,0.000662057,0.000746647,0.00025026,0.000713202,0.000479401,0.00063379,0.00069775,0.0005282,0.000535399,0.000503139,0.000502421,0.000679484,0.000230223,0.00049376,0.000400203,0.000435795,0.000764883,0.000654654,0.00048435,0.00068205,0.000267627,0.000316224,0.00083463,0.000599595,0.00050974,0.00028656,0.000327619,0.000602964,0.000333779,0.000260694,0.000273661,0.000379274,0.000360732,0.000684081,0.000617943,0.000656062,0.000844427,0.000574632,0.000555072,0.000311768,0.000595912,0.000980815,0.000545391,0.000663226,0.000759001,0.000132445,0.000598838,0.000184043,0.000521114,0.001112042,0.000581248,0.001200766,0.000668895,0.000532494,0.001028443,0.000515211,0.001014246,0.000791787,0.000591463,0.000985619,0.000302504,0.000653194
0.000631422,0.001044708,0.002707485,0.000697907,0.000554332,0.00084381,0.000730001,0.000671197,0.000790069,0.000775472,0.000518955,0.000759321,0.000576573,0.001569231,0.001468645,0.000894387,0.000552316,0.001128712,0.000371611,0.001100906,6.04E-05,0.001372951,0.000651568,0.000628835,0.000741741,0.000511466,0.000473237,0.000834761,0.000994627,0.000983335,0.000939631,0.001233147,0.000342968,0.001839509,0.000311147,0.001010536,0.000871966,0.001157051,0.000391379,0.001420325,0.000987877,0.000912472,0.000674292,0.001143335,0.00095376,0.00108516,0.000872816,0.000766133,0.000262479,0.00058984,0.000711252,0.000558074,0.001489023,0.00066624,0.000813644,0.000969026,0.000507564,0.000772936,0.001516649,0.000923331,0.000862419,0.00054332,0.000905346,0.00090827,0.000695142,0.000562691,0.000518852,0.000529435,0.000650779,0.001140119,0.001084235,0.000846134,0.00117747,0.000986359,0.000653696,0.000906805,0.000764118,0.001549153,0.000978101,0.000402667,0.001075136,0.000303314,0.001052285,9.74E-05,0.000700516,0.001005945,0.000652347,0.001344018,0.000732175,0.00099729,0.000931103,0.000715289,0.001068584,0.001785803,0.001084804,0.00155324,0.000314211,0.00098324
0.000611213,0.00056033,0.000697907,0.002128417,0.001054129,0.000915947,0.000722831,0.000735526,0.000509436,0.001064085,0.000864554,0.001325546,0.001056358,0.001027365,0.000697299,0.001061437,0.001102151,0.000757972,0.000838384,0.000782455,0.000972537,0.000900258,0.000746146,0.000827502,0.000651286,0.000833849,0.001063937,0.000755752,0.000837136,0.001088887,0.000776452,0.001078323,0.000669666,0.000805985,0.000238073,0.000452675,0.000853731,0.000559436,0.000402092,0.000206404,0.000935597,0.001016596,0.001226774,0.000761908,0.00097345,0.001139835,0.001108219,0.001134537,0.00102639,0.000639696,0.000669039,0.001122197,0.000966224,0.000883105,0.000991454,0.001130497,0.000882629,0.001166082,0.001127221,0.000593451,0.001251767,0.001187227,0.001435726,0.001103329,0.001271387,0.001102973,0.001041428,0.000599311,0.000844201,0.001245072,0.000689349,0.00148416,0.000873252,0.001273593,0.000440421,0.000935142,0.001051062,0.001207376,0.000850707,0.000340983,0.000709657,0.000949689,0.00088957,0.000685972,0.00019533,0.000720075,0.000356226,0.001071088,0.000213828,0.000912623,0.000650423,0.001352605,0.000710506,0.000978922,0.000675828,0.000731101,0.000397341,0.001131308
0.000422642,0.000337343,0.000554332,0.001054129,0.001662308,0.000586407,0.000390787,0.000667026,0.00039002,0.000714161,0.000496995,0.000877105,0.000738911,0.001223261,0.000693917,0.000760947,0.000719165,0.000552345,0.000635442,0.000521375,0.000347968,0.000733918,0.000519284,0.000496355,0.000477607,0.00060724,0.000669072,0.000624974,0.000567588,0.000788511,0.00062169,0.0006768,0.000399825,0.000588311,0.000353506,0.000467573,0.000776164,0.000546456,0.000290896,0.000228686,0.000845424,0.000697856,0.000966728,0.000633423,0.00075945,0.001000862,0.00059282,0.000656678,0.000614931,0.000520712,0.000432729,0.000679408,0.000697023,0.001008048,0.000882466,0.000905426,0.000780128,0.000967633,0.000789304,0.000428214,0.00074525,0.000599848,0.001082643,0.000608317,0.000592577,0.000760177,0.000692807,0.000429886,0.000575556,0.000768947,0.000637208,0.000836117,0.000697139,0.000826315,0.000324864,0.000647634,0.000670923,0.00096838,0.00064372,0.000213783,0.000602156,0.000607243,0.000707715,0.000720573,0.00014264,0.000481802,0.000235949,0.000783774,0.000177629,0.00063696,0.000502881,0.000739091,0.000562772,0.000638169,0.000664066,0.000644898,0.000384167,0.000771333
0.000659646,0.000484187,0.00084381,0.000915947,0.000586407,0.001180193,0.000759799,0.000432996,0.00071127,0.001088901,0.000575177,0.000994535,0.000907969,0.000964114,0.000708767,0.00063399,0.000914665,0.000720994,0.000396661,0.001110687,0.000542934,0.00092691,0.000711594,0.000483914,0.000583074,0.0006448,0.000790596,0.000924967,0.000948109,0.001135074,0.000793988,0.001208111,0.000551967,0.00092232,9.23E-05,0.00055338,0.00063797,0.00081049,0.000392681,0.000373683,0.000897713,0.000889825,0.000696564,0.000946636,0.001044852,0.00115801,0.000883308,0.00085726,0.000829021,0.00055348,0.000581647,0.000765715,0.001055162,0.000651236,0.0010043,0.001189294,0.000702028,0.000968888,0.001027549,0.000746207,0.001000324,0.000974004,0.001359434,0.000740732,0.000878517,0.000673376,0.000686442,0.000564765,0.000817806,0.001147176,0.000752059,0.000966411,0.001018422,0.001231688,0.000452861,0.000777307,0.001121881,0.000955449,0.000977162,0.00020169,0.000888986,0.00094192,0.000815973,0.000321908,0.0002723,0.000623082,0.000377134,0.000856541,0.000259915,0.000800848,0.000484799,0.000801008,0.000687074,0.001044915,0.000756341,0.000825231,0.000405507,0.001081384
0.00069313,0.000448112,0.000730001,0.000722831,0.000390787,0.000759799,0.002321433,0.000625461,0.000895355,0.001081734,0.000618736,0.001276484,0.000631343,0.001092229,0.001130093,0.000466481,0.001802241,0.000774638,0.000673824,0.001464459,0.000746859,0.000995656,0.000644692,0.00038822,0.000764121,0.000311011,0.00068961,0.001148516,0.000828578,0.000984244,0.000700748,0.000997038,0.000737805,0.00078653,0.000111385,0.00101543,0.00059168,0.001386354,0.00038464,0.000580069,0.001078587,0.000857333,0.000405308,0.001061072,0.00155707,0.001641536,0.000757811,0.000758285,0.00056867,0.000127657,0.000524848,0.000464285,0.001147844,0.000385861,0.001004972,0.001184163,0.000822079,0.000866463,0.001309423,0.001100779,0.000731506,0.001200384,0.001588154,0.000643392,0.000956687,0.000949182,0.000676835,0.000437414,0.000917679,0.000799334,0.0009728,0.000906295,0.000945833,0.001085845,0.0003958,0.001261233,0.000924858,0.000755872,0.000818423,0.000219094,0.000781677,0.000589957,0.001095647,0.000284521,0.000296659,0.00043189,0.000373073,0.000968471,0.000209646,0.000833868,0.000423576,0.000551694,0.000607332,0.00116906,0.001081322,0.000575574,0.000367437,0.001323621
0.000299948,0.000434221,0.000671197,0.000735526,0.000667026,0.000432996,0.000625461,0.002818595,0.000903735,0.00074473,0.000239494,0.00092095,0.000636697,0.00063693,0.001117609,0.000569698,0.000635572,0.00048779,0.000922899,0.001056231,0.001208692,0.000832498,0.00041097,0.000495532,0.001722105,0.000361547,0.000216212,0.000762319,0.000670395,0.000689287,0.000745132,0.000952867,0.001087365,0.000828414,0.001292363,0.001059278,0.001030818,0.000712694,0.00016072,0.000748396,0.000750607,0.000537208,0.000363653,0.000909446,0.000953134,0.001167315,0.00074533,0.000239674,0.000543556,0.000261781,0.000309794,0.000129736,0.001059265,0.000514979,0.000689456,0.000517776,0.000559189,0.000733728,0.000956819,0.000922175,0.000469495,0.000501505,0.001052073,0.000182325,0.000877377,0.001589449,0.000361658,0.000182683,0.0008099,0.000638712,0.001236921,0.000689639,0.000633041,0.000593513,0.000306712,0.001364287,0.000514975,0.000376871,0.000553908,0.000506283,0.000482296,0.000153422,0.000950015,0.000771232,0.000232294,0.00053567,0.00025296,0.000673833,0.000326538,0.00062076,0.000641496,0.000470982,0.000507334,0.000958575,0.001126971,0.000618655,0.000893289,0.001133107
0.00060272,0.000466988,0.000790069,0.000509436,0.00039002,0.00071127,0.000895355,0.000903735,0.002140381,0.001121176,0.00028814,0.001034992,0.000473749,0.000636957,0.001702601,0.000301306,0.000583392,0.000702731,0.00050869,0.001873305,0.000505959,0.000591633,0.000519227,0.000278335,0.001426287,0.000763066,0.000387135,0.001310017,0.000870792,0.00090815,0.000782064,0.001005278,0.000820414,0.000839308,0.000599106,0.00137249,0.000868684,0.001223093,0.00021554,0.000261244,0.001009797,0.000837214,0.000233304,0.001133048,0.001587593,0.001296602,0.001041538,0.000669058,0.000907183,0.000384538,0.000497624,0.000287518,0.001325554,0.000402295,0.000745689,0.000744161,0.00031755,0.000804477,0.001568811,0.001479703,0.000598289,0.000521533,0.001128338,0.000371639,0.00113316,0.001184589,0.000274474,0.000341804,0.001080666,0.000881043,0.001631501,0.000524676,0.000859571,0.000848917,0.000432513,0.001351426,0.000624347,0.000721711,0.000819991,0.00028074,0.000717712,0.000394878,0.001009987,0.000120201,0.000332019,0.000574745,0.0003464,0.000865772,0.000337901,0.00067124,0.000444225,0.000481117,0.000630984,0.001321708,0.001527935,0.000648348,0.000277508,0.00093878
0.000957167,0.000494184,0.000775472,0.001064085,0.000714161,0.001088901,0.001081734,0.00074473,0.001121176,0.003170567,0.000885219,0.001765119,0.001210747,0.001147781,0.001079638,0.000707986,0.00099305,0.001079456,0.000521713,0.002032322,0.000763451,0.001225807,0.000872546,0.000614008,0.001145504,0.000766244,0.001155667,0.001178895,0.001325563,0.001399038,0.001130678,0.001490148,0.000881509,0.001023626,0.000355118,0.000881975,0.000961381,0.00130671,0.000517513,0.000723915,0.001322026,0.001270966,0.000794943,0.001278938,0.001381895,0.001581523,0.001061526,0.000997125,0.001024006,0.000549672,0.000688498,0.001036175,0.001330581,0.00064731,0.001314781,0.0015378,0.000925301,0.001561433,0.001446196,0.001259867,0.001340874,0.001450556,0.002245428,0.001049375,0.001360663,0.000994901,0.000989542,0.000711302,0.001082999,0.001422572,0.001319753,0.001111927,0.001194708,0.001800636,0.000673143,0.001378664,0.0009821,0.001172868,0.001312589,0.000217065,0.000974355,0.001032754,0.001482908,0.000420882,0.000230365,0.000606544,0.000393199,0.000937428,0.000203128,0.001113409,0.000427887,0.000885931,0.000721943,0.001401507,0.001222895,0.001042263,0.00047123,0.001521905
0.000481124,0.000394973,0.000518955,0.000864554,0.000496995,0.000575177,0.000618736,0.000239494,0.00028814,0.000885219,0.001951441,0.000851349,0.000853336,0.000585169,0.000425431,0.000658462,0.000846187,0.000614051,0.000355806,0.000208999,0.000559951,0.000681712,0.000439187,0.000691259,0.000320497,0.000622842,0.001485632,0.000532405,0.000595545,0.000740085,0.000499912,0.000864524,0.000295054,0.000718583,-0.000175923,0.00011785,0.000714401,0.000624354,0.000342742,0.00041007,0.000516728,0.000909385,0.000951845,0.000564182,0.000873798,0.000851604,0.000603543,0.000777238,0.000585907,0.000455146,0.000479474,0.000761373,0.000667706,0.000573938,0.000647456,0.000744285,0.000782097,0.000804698,0.000820133,0.000428038,0.000834147,0.000424868,0.000976428,0.001142279,0.000734788,0.000740379,0.000935346,0.000546529,0.000598229,0.000652373,0.000258142,0.001020064,0.000683537,0.001033568,0.000359796,0.00050364,0.000843146,0.000728688,0.000592662,0.000148778,0.000501363,0.000847542,0.000664233,0.00035631,0.000161283,0.000479696,0.000225055,0.000698298,0.00017129,0.000603639,0.000305281,0.000661543,0.000476539,0.000856985,0.000452544,0.000593778,0.00026595,0.000745928
0.0008792,0.000417361,0.000759321,0.001325546,0.000877105,0.000994535,0.001276484,0.00092095,0.001034992,0.001765119,0.000851349,0.004073102,0.00135886,0.001157974,0.001333241,0.000751612,0.001539363,0.00083564,0.00099724,0.001928777,0.000860675,0.001122708,0.000822874,0.000792876,0.001365987,0.000806822,0.00136512,0.00127807,0.00121879,0.001364944,0.001115198,0.001717043,0.00113951,0.000795613,-2.17E-05,0.000904383,0.000979259,0.001281693,0.000421055,0.000317351,0.001533089,0.001447005,0.000914798,0.001256633,0.001621168,0.002070688,0.001407527,0.001219679,0.001189141,0.00052982,0.000716552,0.001115942,0.001345743,0.000747728,0.001252118,0.001422019,0.001116064,0.001370709,0.001571343,0.001123074,0.001195,0.001572337,0.002129219,0.001001705,0.001330854,0.001736268,0.001302374,0.000623183,0.00108294,0.001423425,0.001218357,0.001397523,0.001308386,0.001823036,0.000376954,0.002012316,0.001567347,0.000874402,0.001007167,0.000180294,0.000886133,0.000991525,0.001675845,0.000939721,0.000289924,0.000554826,0.000425907,0.00112517,0.000260779,0.001172045,0.000523928,0.000900551,0.000937925,0.001332185,0.001260746,0.000643369,0.000204767,0.00180375
0.000549772,0.000400926,0.000576573,0.001056358,0.000738911,0.000907969,0.000631343,0.000636697,0.000473749,0.001210747,0.000853336,0.00135886,0.003921135,0.000858959,0.000433904,0.000708836,0.001579349,0.000569557,0.000782975,0.000836112,0.000931763,0.000834685,0.00066374,0.001044767,0.000912689,0.000749167,0.001023637,0.00079847,0.000927955,0.001080104,0.000738939,0.001264547,0.000491237,0.000708066,-0.00027406,0.000360222,0.000539158,0.000751096,0.000418436,0.000301327,0.000620863,0.0012536,0.000879202,0.00097067,0.001040497,0.001722395,0.000966934,0.000650075,0.001425265,0.000541016,0.000563814,0.001377919,0.001030663,0.000759135,0.001085411,0.00124744,0.000991481,0.001326919,0.000992178,0.000355125,0.001254667,0.001474153,0.001625983,0.000805971,0.001261046,0.001013739,0.000969014,0.000669474,0.000841917,0.001390252,0.000942363,0.001036222,0.000906308,0.001302242,0.000383123,0.001508167,0.001758127,0.000604936,0.000841634,0.00010516,0.000708449,0.00141255,0.000884643,0.000562436,0.000115682,0.000515195,0.000252004,0.001047679,8.61E-05,0.000678994,0.000599167,0.000803007,0.000704783,0.001030275,0.000868061,0.000478107,0.00033874,0.001285468
0.000843044,0.000807999,0.001569231,0.001027365,0.001223261,0.000964114,0.001092229,0.00063693,0.000636957,0.001147781,0.000585169,0.001157974,0.000858959,0.005040316,0.001153784,0.000995871,0.001388644,0.001140643,0.000630253,0.001344018,0.000565836,0.001497992,0.000869127,0.000717433,0.000688585,0.000716894,0.001106376,0.001050713,0.001038859,0.001069825,0.001202998,0.001165612,0.000321129,0.001578056,0.000118871,0.000693929,0.001017893,0.001212777,0.000454166,0.001055122,0.001180525,0.000934484,0.00204183,0.001212667,0.001005594,0.001443974,0.001024967,0.000559971,0.000917058,0.000359358,0.000758704,0.00057347,0.001384839,0.000613602,0.000996964,0.001353023,0.000890567,0.001371678,0.001397889,0.000854379,0.000998974,0.001158567,0.001468231,0.000933567,0.001690085,0.000667985,0.000727683,0.000670477,0.000763554,0.001097383,0.000773849,0.001105763,0.001262841,0.001363578,0.000485419,0.000751897,0.001102329,0.00132404,0.001009828,0.000120161,0.001055157,0.000200981,0.001168289,0.000514361,0.000372319,0.000761118,0.000478161,0.00114125,0.00029674,0.001090422,0.000667111,0.000893016,0.000851243,0.001486807,0.000849228,0.000974972,0.000290031,0.001274572
0.000660297,0.000838456,0.001468645,0.000697299,0.000693917,0.000708767,0.001130093,0.001117609,0.001702601,0.001079638,0.000425431,0.001333241,0.000433904,0.001153784,0.003477278,0.000484259,0.000715183,0.000967604,0.000783897,0.002074571,0.000588388,0.001029369,0.000669558,0.000400376,0.001435362,0.000801674,0.000465525,0.001286327,0.001100019,0.001006522,0.000979318,0.001178121,0.000950532,0.001421926,0.000583424,0.002122169,0.001127678,0.001679157,0.000312804,0.000951604,0.001406228,0.001047957,0.000465384,0.001358452,0.001590574,0.001316996,0.001409282,0.000949832,0.000528325,0.000424497,0.000643415,0.000228875,0.001493483,0.000686806,0.000348,0.000842429,0.000519546,0.000876203,0.002008263,0.001695767,0.00070842,0.000757071,0.001209684,0.000673367,0.000935678,0.001287282,0.000436989,0.000393278,0.001045046,0.001302721,0.002069112,0.000887041,0.001164683,0.001139004,0.000611028,0.00132418,0.000748918,0.001114689,0.000940213,0.000482175,0.001033289,0.000239505,0.001723078,0.000279892,0.000644418,0.000853524,0.000583609,0.001280389,0.000673991,0.00065799,0.000817646,0.000625034,0.00100007,0.001870885,0.001918449,0.001077242,0.000427597,0.001186937
0.000516246,0.000414494,0.000894387,0.001061437,0.000760947,0.00063399,0.000466481,0.000569698,0.000301306,0.000707986,0.000658462,0.000751612,0.000708836,0.000995871,0.000484259,0.002733292,0.000997583,0.000695772,0.000237527,0.000538072,0.00054079,0.000872672,0.000509737,0.000405234,0.000658731,0.000568418,0.000836018,0.000581374,0.000739597,0.000673634,0.000633113,0.000729358,0.000387635,0.000695077,8.66E-05,0.000238076,0.000618416,0.000519258,0.000300451,0.000484568,0.000577574,0.000620959,0.000855545,0.000448656,0.001062203,0.000973037,0.000624345,0.000680413,0.000668938,0.00042645,0.000494275,0.001175097,0.000722863,0.000608142,0.000626676,0.000811066,0.000695354,0.001000252,0.000758639,0.00040303,0.000813254,0.000847256,0.000932596,0.000577992,0.000698314,0.000506206,0.000627524,0.000435269,0.000552718,0.000712918,0.000519527,0.000943516,0.000782085,0.000900338,0.000400741,0.000728037,0.000731489,0.001049019,0.000613526,7.85E-05,0.000720514,0.001082098,0.00063247,0.000608182,0.000185572,0.000412191,0.000285289,0.000673855,0.000171823,0.000705803,0.000439897,0.00073774,0.000430654,0.000953245,0.00048462,0.001005177,0.000219121,0.000835955
0.000796756,0.0003006,0.000552316,0.001102151,0.000719165,0.000914665,0.001802241,0.000635572,0.000583392,0.00099305,0.000846187,0.001539363,0.001579349,0.001388644,0.000715183,0.000997583,0.004255096,0.000905592,0.000753682,0.001755005,0.001174911,0.001343324,0.000744398,0.000388889,0.000601775,0.000741035,0.000523336,0.00121184,0.001005383,0.001041704,0.000813964,0.00107101,0.000774093,0.000759363,0.000162347,0.000452841,0.000556849,0.001094262,0.000409543,0.000276229,0.000871368,0.000778234,0.000651103,0.000951553,0.00188941,0.002799572,0.001035319,0.000717267,0.00146154,0.000304561,0.000593037,0.001404019,0.001000974,0.000775031,0.001349063,0.001295258,0.001220565,0.001578006,0.000839976,0.000649016,0.00118066,0.002134099,0.002123286,0.000853198,0.001520899,0.001078512,0.001005107,0.000536383,0.000917891,0.001043076,0.00059075,0.001139513,0.001131543,0.00156317,0.000329978,0.001429547,0.001339985,0.00086865,0.000942717,-1.28E-05,0.000988704,0.001295917,0.001328353,0.000210649,0.00015279,0.000407229,0.000347765,0.001058383,2.12E-05,0.001079932,0.000493308,0.000631173,0.000610547,0.001333751,0.000933025,0.000487113,0.000195875,0.001678221
0.000702498,0.000698709,0.001128712,0.000757972,0.000552345,0.000720994,0.000774638,0.00048779,0.000702731,0.001079456,0.000614051,0.00083564,0.000569557,0.001140643,0.000967604,0.000695772,0.000905592,0.001918814,0.000441846,0.00089447,0.000537461,0.001123475,0.000621571,0.000548026,0.000624201,0.000584088,0.000571968,0.000879614,0.000886212,0.000970854,0.000987694,0.000961391,0.000481781,0.001071001,0.000574517,0.000530682,0.000828773,0.001013017,0.000394085,0.00080767,0.00058971,0.000777387,0.000662279,0.000873848,0.001098415,0.001254984,0.000869756,0.000752959,0.000609319,0.000445594,0.000542177,0.000844189,0.000989151,0.000573135,0.000930422,0.001104986,0.000609915,0.000926907,0.001083338,0.000731824,0.000879659,0.000881731,0.001262057,0.000582316,0.001043693,0.000677215,0.000696033,0.00051698,0.000669952,0.000987148,0.000784175,0.000895347,0.001068724,0.00105303,0.000490944,0.000873092,0.000815745,0.001162135,0.000783,0.000311135,0.000910994,0.00061121,0.00106652,0.000415628,0.000376885,0.000771672,0.000479876,0.001042205,0.000418788,0.000947945,0.000557038,0.000736744,0.000859046,0.00133196,0.000794817,0.000868433,0.000349316,0.000949647
0.000253899,0.00035375,0.000371611,0.000838384,0.000635442,0.000396661,0.000673824,0.000922899,0.00050869,0.000521713,0.000355806,0.00099724,0.000782975,0.000630253,0.000783897,0.000237527,0.000753682,0.000441846,0.002762003,0.000983095,0.001131715,0.0006214,0.000289743,0.000843058,0.001238647,0.000819365,0.000721678,0.000567722,0.000447202,0.000578847,0.000493007,0.000604903,0.000969308,0.000707994,0.000641377,0.000707043,0.000789874,0.000517664,0.000118417,0.000334142,0.00062139,0.000708618,0.000712319,0.000788865,0.000768738,0.000984978,0.001264536,0.000707065,0.000729448,0.000275232,0.000384875,0.000341692,0.000820624,0.00066726,0.000759863,0.000606676,0.000635793,0.000941747,0.000789363,0.000519275,0.000611561,0.000645242,0.001012405,0.000388151,0.000648978,0.001582173,0.000541357,0.000374156,0.000693165,0.000874643,0.00068228,0.000738558,0.000495328,0.0007759,0.000226776,0.000746875,0.000869885,0.000513813,0.000525126,0.000367755,0.00033705,0.000400496,0.000885285,0.000824776,2.35E-05,0.000389077,0.000119508,0.000422481,8.88E-06,0.000381524,0.000309576,0.000745592,0.000236675,0.000676368,0.000691927,0.00032236,0.000727803,0.000894607
0.000997315,0.000394227,0.001100906,0.000782455,0.000521375,0.001110687,0.001464459,0.001056231,0.001873305,0.002032322,0.000208999,0.001928777,0.000836112,0.001344018,0.002074571,0.000538072,0.001755005,0.00089447,0.000983095,0.006732337,0.00094548,0.001427153,0.000852071,0.000519159,0.001123854,0.000801607,0.000572907,0.002161879,0.001532913,0.001387296,0.001452226,0.002041777,0.000838109,0.001183251,0.001361414,0.001685494,0.001137156,0.001558635,0.000383049,0.000625357,0.00190771,0.001420103,0.000341579,0.001949954,0.00188845,0.001939779,0.001853643,0.001150345,0.001359911,0.000408688,0.000500667,0.000617791,0.002272657,0.000497926,0.001604694,0.001445226,0.001231059,0.001711035,0.002134675,0.002500051,0.001211766,0.002778307,0.002459529,0.000513221,0.001587787,0.001505348,0.00044414,0.000388209,0.001647715,0.001673524,0.001946423,0.000808962,0.001334508,0.001717966,0.000651415,0.00200441,0.000709329,0.001126019,0.00101817,0.000225975,0.001216261,0.001031092,0.001965798,4.26E-05,0.000309176,0.000506152,0.000479922,0.001063602,0.000271311,0.001042552,0.000542025,0.00068508,0.000870673,0.002162149,0.002038244,0.000865308,0.000435411,0.001745858
0.000311596,0.0001072,6.04E-05,0.000972537,0.000347968,0.000542934,0.000746859,0.001208692,0.000505959,0.000763451,0.000559951,0.000860675,0.000931763,0.000565836,0.000588388,0.00054079,0.001174911,0.000537461,0.001131715,0.00094548,0.004982025,0.000695805,0.000462345,0.000694832,0.001172179,0.000763538,0.000294961,0.000487191,0.000828024,0.000723645,0.000673918,0.000352673,0.001315516,0.000487851,0.001396579,0.000607368,0.000826893,0.000405323,0.000180768,0.000273327,0.000317797,0.000433162,0.000652322,0.000736662,0.001075701,0.001277292,0.000698115,0.000778991,0.001275516,0.000155796,0.000196714,0.001187421,0.000566574,0.000322591,0.000923695,0.000817601,0.000874713,0.00107734,0.000455496,0.000472529,0.000962982,0.001720299,0.001313126,0.000248408,0.001525751,0.001548064,0.000890018,0.000191025,0.000930736,0.000750724,0.0006825,0.0009347,0.000638894,0.000757273,0.000128732,0.001120612,0.000656501,0.000278623,0.000422491,0.000378443,0.000553298,0.001186131,0.001116022,0.000996367,-4.53E-05,0.000295611,6.74E-05,0.00060201,-4.13E-05,0.000849063,0.000145905,0.000584715,0.000183667,0.000822349,0.000520187,-0.00010172,0.000903224,0.00107944
0.000789219,0.000516123,0.001372951,0.000900258,0.000733918,0.00092691,0.000995656,0.000832498,0.000591633,0.001225807,0.000681712,0.001122708,0.000834685,0.001497992,0.001029369,0.000872672,0.001343324,0.001123475,0.0006214,0.001427153,0.000695805,0.002586033,0.000829447,0.00066974,0.000880425,0.000732596,0.000889892,0.00109826,0.001058981,0.001240639,0.001411575,0.001242003,0.000383007,0.001517897,0.000244274,0.000755851,0.000742684,0.000958281,0.000501828,0.000994312,0.001049436,0.000937473,0.000691314,0.00111196,0.001533531,0.001415822,0.001273691,0.000751159,0.000804227,0.000515199,0.000613581,0.000775065,0.001312381,0.000713435,0.001201846,0.001384736,0.000890753,0.001397937,0.001379096,0.00074459,0.000944572,0.001478702,0.001598622,0.000824295,0.001092946,0.000698619,0.000671203,0.000699414,0.00073117,0.001066942,0.000887987,0.001155246,0.001256303,0.0013431,0.000544382,0.000839909,0.000856614,0.001053786,0.001038932,0.000212777,0.001110285,0.000791618,0.001105062,0.000435676,0.000455169,0.000581899,0.000503096,0.001002137,0.000392856,0.001209744,0.000522962,0.000748656,0.000889307,0.001322647,0.000883956,0.001166167,0.000567532,0.001315453
0.000642675,0.000416989,0.000651568,0.000746146,0.000519284,0.000711594,0.000644692,0.00041097,0.000519227,0.000872546,0.000439187,0.000822874,0.00066374,0.000869127,0.000669558,0.000509737,0.000744398,0.000621571,0.000289743,0.000852071,0.000462345,0.000829447,0.00076156,0.000394069,0.00062103,0.000462626,0.000544014,0.000782581,0.00074099,0.00085925,0.000703688,0.000854919,0.000425207,0.000740421,0.00016316,0.000555314,0.000503712,0.000723491,0.000353763,0.000473564,0.000779058,0.000663128,0.00065086,0.000706841,0.000893423,0.000973976,0.000604279,0.000658479,0.000523814,0.000362142,0.000424692,0.000497503,0.000781625,0.0005653,0.000831157,0.001090319,0.000559725,0.000801105,0.000806117,0.00065611,0.000723253,0.000849936,0.001090283,0.000536487,0.000777618,0.000547615,0.00059928,0.000437804,0.000637435,0.000886225,0.000702095,0.000804474,0.000891255,0.000888371,0.000392056,0.000694348,0.000594249,0.000782112,0.000719743,0.000250083,0.000756475,0.00061896,0.000699121,0.000395656,0.000260802,0.000524384,0.000372733,0.000831992,0.000256484,0.000734011,0.00047411,0.000581368,0.000671523,0.000790115,0.000640607,0.000704797,0.000277998,0.000904776
0.000367078,0.000524322,0.000628835,0.000827502,0.000496355,0.000483914,0.00038822,0.000495532,0.000278335,0.000614008,0.000691259,0.000792876,0.001044767,0.000717433,0.000400376,0.000405234,0.000388889,0.000548026,0.000843058,0.000519159,0.000694832,0.00066974,0.000394069,0.002251775,0.000416227,0.000621782,0.001105364,0.000449525,0.000441032,0.000816091,0.000733862,0.000506662,0.000353272,0.000592749,-1.93E-05,0.000331093,0.000337574,0.000552723,0.000258903,0.000264999,0.000378846,0.000847216,0.001177184,0.00052063,0.00052037,0.000716854,0.000707671,0.000539243,0.000628045,0.000406376,0.00041855,0.000672575,0.000645635,0.000548563,0.000504612,0.000647503,0.00074954,0.000795903,0.000747912,0.000354909,0.000697908,0.000761665,0.000681246,0.000709017,0.000812996,0.000747785,0.000777076,0.000394427,0.000434686,0.000708182,0.000419015,0.000783562,0.000666676,0.000651724,0.00036755,0.000453281,0.001143275,0.000854944,0.000621218,0.000328352,0.000437683,0.000516222,0.000745855,0.00040393,0.000176855,0.000591325,0.000290713,0.00068318,0.000278616,0.00051644,0.000475193,0.000918508,0.000626883,0.000669155,0.000496461,0.000636593,0.000407804,0.000415609
0.000554433,0.000517083,0.000741741,0.000651286,0.000477607,0.000583074,0.000764121,0.001722105,0.001426287,0.001145504,0.000320497,0.001365987,0.000912689,0.000688585,0.001435362,0.000658731,0.000601775,0.000624201,0.001238647,0.001123854,0.001172179,0.000880425,0.00062103,0.000416227,0.00449003,0.000568323,0.000526178,0.000994891,0.000843059,0.000870891,0.000867386,0.000960521,0.001093791,0.000894924,0.00075651,0.001345365,0.001195686,0.00108309,7.55E-05,0.000652661,0.000979019,0.000807851,0.000307334,0.001397608,0.000957453,0.001036579,0.00103578,0.000553204,0.000626638,0.000337425,0.000536799,0.000410824,0.001350264,0.000461052,0.000906844,0.001090929,0.000775357,0.001234015,0.00183838,0.001040626,0.000697904,0.000725641,0.001015557,0.000348877,0.00094588,0.001464891,0.000531047,0.000370112,0.000842868,0.000845148,0.001776366,0.000625281,0.000718139,0.000894535,0.000398741,0.001555495,0.000653796,0.000717337,0.001000062,0.00056357,0.000655088,0.000219118,0.001246491,0.000759822,0.000282816,0.000570518,0.000311018,0.000749837,0.000331217,0.000497738,0.000531735,0.000445157,0.0005935,0.001213021,0.001575512,0.000815811,0.000999902,0.001255381
0.000444055,0.000537427,0.000511466,0.000833849,0.00060724,0.0006448,0.000311011,0.000361547,0.000763066,0.000766244,0.000622842,0.000806822,0.000749167,0.000716894,0.000801674,0.000568418,0.000741035,0.000584088,0.000819365,0.000801607,0.000763538,0.000732596,0.000462626,0.000621782,0.000568323,0.003890632,0.00070597,0.000649284,0.000501008,0.000934389,0.000695504,0.001042393,0.00032594,0.000788338,0.00058327,0.000570632,0.000549547,0.000494027,0.000202539,0.000171119,0.000607416,0.000761292,0.001050306,0.000628403,0.000855247,0.000963198,0.000736984,0.000825235,0.000644597,0.000734077,0.000535504,0.000703865,0.000785306,0.000745674,0.000588089,0.000854319,0.000631907,0.00085854,0.000773648,0.000673115,0.000746926,0.000663442,0.000948479,0.001048344,0.001049938,0.000437396,0.000590616,0.000498046,0.000339939,0.000781098,0.000584537,0.000900596,0.000529148,0.000798674,0.000367972,0.000511697,0.000729912,0.00052788,0.000709368,0.000171859,0.000556051,0.000677377,0.000828694,0.000368781,0.000247084,0.000686967,0.000301044,0.000996999,0.000294175,0.000370932,0.000690637,0.000837882,0.000691323,0.000727494,0.000611022,0.00076798,0.000341561,0.000519872
0.000562438,0.000513794,0.000473237,0.001063937,0.000669072,0.000790596,0.00068961,0.000216212,0.000387135,0.001155667,0.001485632,0.00136512,0.001023637,0.001106376,0.000465525,0.000836018,0.000523336,0.000571968,0.000721678,0.000572907,0.000294961,0.000889892,0.000544014,0.001105364,0.000526178,0.00070597,0.00378649,0.000708935,0.000856438,0.00098776,0.0007225,0.001178841,0.000378003,0.000817544,-0.000108786,0.000199579,0.000983166,0.000608552,0.000346911,0.000350472,0.000938848,0.001172622,0.001334781,0.00068274,0.000600096,0.000448647,0.001365877,0.000918445,0.000822421,0.000569475,0.000548212,0.001044669,0.000811561,0.000723257,0.000881122,0.000913891,0.000906263,0.001217785,0.001238451,0.000349352,0.001019618,0.001064734,0.001054375,0.001470934,0.000885697,0.000349345,0.00135284,0.000512408,0.000849096,0.00066467,0.00030328,0.001256151,0.000959171,0.001400773,0.000327057,0.000615741,0.001017287,0.000866042,0.000751423,0.000342059,0.000692782,0.001004649,0.000965033,0.000856687,0.000162448,0.000612298,0.000287115,0.00079884,0.0001703,0.000654271,0.000348489,0.000792127,0.000702085,0.00078872,0.000385278,0.000679498,0.000462022,0.000958606
0.000833194,0.000555973,0.000834761,0.000755752,0.000624974,0.000924967,0.001148516,0.000762319,0.001310017,0.001178895,0.000532405,0.00127807,0.00079847,0.001050713,0.001286327,0.000581374,0.00121184,0.000879614,0.000567722,0.002161879,0.000487191,0.00109826,0.000782581,0.000449525,0.000994891,0.000649284,0.000708935,0.001896929,0.001125675,0.001208956,0.000934339,0.001569959,0.000641858,0.000991931,0.000409215,0.001084286,0.000786165,0.001349986,0.000378845,0.000446923,0.001221396,0.000922129,0.000510841,0.001402218,0.001664293,0.001417427,0.001190122,0.000823676,0.000974244,0.000457669,0.00056129,0.000426911,0.001589536,0.00064244,0.001095765,0.001310448,0.000678834,0.001081316,0.001586018,0.001512585,0.000888727,0.001066296,0.001492006,0.000629288,0.001078808,0.000906872,0.000585588,0.000545708,0.001248461,0.001258979,0.001309772,0.000893638,0.001182741,0.001233311,0.000590831,0.001147442,0.000724743,0.000975694,0.000986266,0.000341081,0.001075089,0.000721544,0.001121395,0.000324227,0.000334197,0.000630675,0.000456771,0.001033939,0.000343381,0.000879939,0.000555302,0.000611974,0.000855859,0.001473409,0.001304146,0.0009155,0.00044958,0.001289911
0.00070372,0.000547636,0.000994627,0.000837136,0.000567588,0.000948109,0.000828578,0.000670395,0.000870792,0.001325563,0.000595545,0.00121879,0.000927955,0.001038859,0.001100019,0.000739597,0.001005383,0.000886212,0.000447202,0.001532913,0.000828024,0.001058981,0.00074099,0.000441032,0.000843059,0.000501008,0.000856438,0.001125675,0.001715517,0.001124395,0.000811463,0.001195983,0.000670354,0.001145383,0.000435446,0.000921411,0.000960724,0.001074288,0.000366901,0.000596766,0.001151968,0.000851444,0.000841885,0.001189067,0.001229425,0.00137532,0.000959291,0.000947156,0.000866638,0.000482587,0.000536661,0.000965443,0.00128691,0.0004913,0.001040852,0.001212892,0.00084961,0.001120201,0.001301479,0.000968215,0.001002017,0.001126405,0.001570115,0.000796787,0.001005394,0.000765423,0.000774233,0.000573838,0.001163003,0.001165728,0.001193228,0.00100155,0.001097154,0.001222676,0.000483936,0.001014639,0.001042484,0.001185772,0.000919128,0.000281821,0.000975098,0.000932681,0.001140098,0.000401012,0.000322855,0.000588853,0.000418508,0.000905587,0.000313357,0.000941388,0.000507654,0.00066243,0.000779571,0.001448462,0.001094183,0.000814754,0.000398368,0.001516093
0.00085269,0.000681449,0.000983335,0.001088887,0.000788511,0.001135074,0.000984244,0.000689287,0.00090815,0.001399038,0.000740085,0.001364944,0.001080104,0.001069825,0.001006522,0.000673634,0.001041704,0.000970854,0.000578847,0.001387296,0.000723645,0.001240639,0.00085925,0.000816091,0.000870891,0.000934389,0.00098776,0.001208956,0.001124395,0.001894195,0.001002001,0.001622334,0.000787311,0.001000851,0.000355721,0.000821703,0.000876255,0.001123435,0.000437014,0.000510437,0.001108734,0.001142115,0.000929323,0.00123388,0.001355665,0.001451431,0.000990056,0.000982134,0.001045176,0.000731041,0.000688499,0.000780128,0.00142814,0.000894507,0.001124767,0.001379743,0.001047082,0.001245383,0.001408933,0.001014512,0.0012473,0.001221229,0.001596763,0.000882788,0.001207681,0.000970289,0.000808258,0.000661465,0.000981696,0.001532192,0.001088618,0.001169382,0.001099273,0.001688718,0.000593698,0.00096397,0.001155485,0.001301039,0.001199951,0.000441056,0.00096977,0.001065969,0.000986029,0.000448582,0.000394869,0.000791227,0.000511171,0.001166009,0.000413591,0.001045734,0.000586414,0.000852347,0.001059888,0.001294586,0.001078483,0.001055766,0.000630696,0.001458707
0.000661154,0.000413754,0.000939631,0.000776452,0.00062169,0.000793988,0.000700748,0.000745132,0.000782064,0.001130678,0.000499912,0.001115198,0.000738939,0.001202998,0.000979318,0.000633113,0.000813964,0.000987694,0.000493007,0.001452226,0.000673918,0.001411575,0.000703688,0.000733862,0.000867386,0.000695504,0.0007225,0.000934339,0.000811463,0.001002001,0.002517024,0.000905372,0.000468029,0.001250166,0.000309831,0.000681446,0.000763802,0.000846325,0.000304965,0.000690668,0.00073849,0.00091624,0.000694703,0.000908103,0.001249016,0.001057987,0.001216353,0.000661042,0.00097036,0.000385261,0.000472514,0.000612224,0.000994847,0.000629469,0.000916739,0.001123063,0.000854651,0.001298029,0.001336352,0.000820944,0.000817035,0.001374272,0.001388128,0.000847908,0.001119875,0.00071996,0.000519019,0.000388572,0.000820434,0.000946515,0.000918054,0.000970936,0.001103151,0.001086987,0.00045783,0.001085926,0.000885322,0.000788715,0.000743829,0.000191839,0.000800024,0.000569722,0.001257134,0.000406238,0.000213532,0.000597518,0.000286595,0.000791463,0.000225087,0.001012702,0.000395485,0.000743541,0.000730778,0.001191016,0.000803027,0.000656758,0.000273039,0.00105286
0.00088192,0.000710194,0.001233147,0.001078323,0.0006768,0.001208111,0.000997038,0.000952867,0.001005278,0.001490148,0.000864524,0.001717043,0.001264547,0.001165612,0.001178121,0.000729358,0.00107101,0.000961391,0.000604903,0.002041777,0.000352673,0.001242003,0.000854919,0.000506662,0.000960521,0.001042393,0.001178841,0.001569959,0.001195983,0.001622334,0.000905372,0.004834893,0.000873071,0.001170607,0.000765608,0.00098218,0.000897952,0.001203068,0.000332606,0.00036002,0.001478901,0.001231714,0.000917307,0.002058655,0.001483059,0.00181155,0.001754049,0.001091256,0.000877382,0.000600322,0.000441997,0.000774588,0.002194848,0.000565678,0.000985341,0.001361253,0.000765622,0.001364534,0.002045305,0.001401934,0.001329797,0.000927679,0.001996785,0.000889659,0.001246015,0.000974371,0.001155078,0.000404447,0.001213102,0.001780103,0.001316109,0.001494631,0.001308063,0.002074385,0.000329342,0.001279393,0.00115898,0.001177154,0.001525096,0.000480631,0.001092347,0.001202233,0.001256821,0.00072014,0.000223739,0.000575539,0.000551221,0.001029987,0.000271464,0.001195354,0.000464495,0.000866863,0.000805232,0.001508921,0.001214362,0.001238445,0.000908296,0.001575978
0.000376032,0.00035483,0.000342968,0.000669666,0.000399825,0.000551967,0.000737805,0.001087365,0.000820414,0.000881509,0.000295054,0.00113951,0.000491237,0.000321129,0.000950532,0.000387635,0.000774093,0.000481781,0.000969308,0.000838109,0.001315516,0.000383007,0.000425207,0.000353272,0.001093791,0.00032594,0.000378003,0.000641858,0.000670354,0.000787311,0.000468029,0.000873071,0.002505901,0.000501599,0.000827277,0.000745705,0.000718899,0.000757623,0.000202865,9.73E-05,0.000613153,0.000569779,0.000478296,0.000779134,0.000992611,0.001172115,0.000799913,0.000460155,0.000580033,0.000149138,0.000355932,0.000329083,0.000640764,0.000603137,0.000459688,0.000681136,0.000529286,0.000749914,0.000498665,0.000559333,0.000595222,0.000823389,0.001043735,0.000283709,0.000943383,0.001436416,0.000619436,0.000218876,0.000681054,0.000978216,0.000753736,0.000772892,0.000543023,0.000883586,0.000166619,0.00108952,0.000447077,0.000523175,0.000563398,0.000470116,0.000369378,0.000682814,0.000593525,0.000780763,0.000135789,0.000432977,0.00016176,0.000550034,0.000160867,0.000538476,0.000240256,0.000483717,0.000356329,0.000557811,0.000751442,0.000198685,0.000727427,0.000860805
0.000661062,0.000925086,0.001839509,0.000805985,0.000588311,0.00092232,0.00078653,0.000828414,0.000839308,0.001023626,0.000718583,0.000795613,0.000708066,0.001578056,0.001421926,0.000695077,0.000759363,0.001071001,0.000707994,0.001183251,0.000487851,0.001517897,0.000740421,0.000592749,0.000894924,0.000788338,0.000817544,0.000991931,0.001145383,0.001000851,0.001250166,0.001170607,0.000501599,0.003528288,0.000322715,0.001039121,0.000733174,0.001187397,0.000511212,0.001198954,0.001090786,0.000985136,0.001109555,0.001281997,0.001134158,0.001476476,0.001442867,0.000960353,0.000427719,0.000580937,0.000604976,0.000575649,0.00147068,0.000745132,0.00107496,0.001049331,0.000624257,0.001112525,0.001528877,0.001039124,0.00078658,0.000551006,0.001207291,0.000967981,0.001517519,0.000596193,0.000790459,0.000608966,0.000647123,0.001220631,0.000978202,0.000906148,0.001155762,0.00116159,0.000659404,0.000704403,0.000865148,0.001627486,0.000738422,0.000469483,0.000976324,0.000445975,0.001016329,0.000333673,0.000568342,0.000925729,0.000595842,0.001181348,0.000644976,0.001069597,0.000862961,0.000835956,0.000973808,0.001726187,0.001044836,0.00131613,0.000426351,0.001085887
