0,1,2,3,4,5,6,7,8,9,10,11,12,13,14,15,16,17,18,19,20,21,22,23,24,25,26,27,28,29,30,31,32,33,34,35,36,37,38,39,40,41,42,43,44,45,46,47,48,49,50,51,52,53,54,55,56,57,59,60,61,62,63,64,65,66,67,68,69,70,71,72,73,74,75,76,77,78,79,80,81,82,83,84,85,86,87,88,89,90,91,92,93,94,95,96,97
0.000581066,0.000366803,0.000503866,0.000547472,0.000364495,0.000547924,0.000572436,0.000420671,0.000533415,0.000828192,0.000393554,0.000761003,0.00044829,0.000692954,0.000512686,0.000394651,0.000598209,0.000625831,0.000330995,0.000837085,0.000320507,0.000609628,0.000479137,0.000386002,0.000544566,0.000342324,0.000521836,0.000681768,0.000577399,0.000723796,0.000570517,0.000854434,0.00046439,0.000595042,0.000193527,0.000417109,0.00050301,0.00065972,0.000261431,0.000304443,0.000636937,0.000494513,0.000513251,0.000720605,0.000717211,0.000975187,0.000555734,0.000504885,0.000576138,0.000323542,0.000405778,0.000497727,0.000793087,0.000458983,0.000706015,0.000833174,0.000485077,0.000721512,0.000536578,0.000622282,0.000675841,0.00096509,0.000480567,0.000874584,0.000563876,0.000550887,0.000379227,0.000620624,0.000691453,0.000555829,0.000592857,0.000644708,0.000735741,0.000318166,0.000576086,0.000493098,0.000627993,0.000549818,0.000220684,0.000554249,0.000537555,0.000625921,0.000330472,0.000208023,0.000426068,0.000304651,0.00060719,0.00020591,0.000702983,0.000260096,0.000460649,0.000519923,0.000768165,0.000530302,0.000519809,0.000265099,0.000750917
0.000366803,0.001343247,0.001010671,0.000589621,0.000321875,0.000456005,0.000416681,0.000558888,0.000451877,0.000455644,0.000355484,0.000379184,0.000371789,0.000787431,0.000743681,0.000374065,0.000229116,0.000699214,0.000420571,0.000395063,0.000148175,0.000460561,0.000372652,0.000594732,0.000564314,0.000482333,0.000556401,0.000512454,0.00050216,0.000639477,0.000378944,0.000716406,0.000429941,0.000903233,0.000357678,0.000577913,0.000609317,0.000748896,0.000213849,0.000675742,0.000408105,0.000590659,0.000732522,0.000568748,0.000408544,0.000506803,0.000535877,0.000635127,0.000207872,0.000502333,0.000390861,0.000467911,0.000785653,0.000669114,0.000634814,0.00060391,0.000319741,0.000333493,0.000562351,0.000498325,0.000270655,0.000271721,0.000640768,0.000328348,0.000314774,0.0002897,0.000349514,0.000332036,0.000664595,0.000589963,0.000651245,0.00076378,0.000500734,0.000515573,0.00034948,0.000563302,0.00098173,0.000513594,0.00068547,0.000733583,8.42E-05,0.0006614,0.00019262,0.000551018,0.001126989,0.000560131,0.001136067,0.000634406,0.00055647,0.001025514,0.000516164,0.000935331,0.000796234,0.00054679,0.000895398,0.000358662,0.000619679
0.000503866,0.001010671,0.002488642,0.000608554,0.0004931,0.000753993,0.00066914,0.000705418,0.000752172,0.000742537,0.000475526,0.000551761,0.000419753,0.001285254,0.00131944,0.000778089,0.000283442,0.001117122,0.000534369,0.001012063,9.79E-05,0.001158949,0.000550038,0.00066958,0.000861094,0.000531504,0.000610266,0.000805996,0.000856664,0.000926793,0.000815075,0.001245631,0.000476312,0.001760587,0.000378369,0.000913037,0.00073663,0.001105148,0.000291464,0.001386046,0.000886424,0.000750576,0.000684316,0.001183124,0.000806429,0.001099952,0.000913236,0.00064775,0.000125538,0.000501372,0.000656139,0.000424076,0.001450933,0.000635915,0.000845351,0.000827134,0.000476222,0.000826824,0.000846912,0.000786551,0.000418856,0.000766939,0.000805029,0.000563287,0.000588797,0.000500707,0.000446587,0.000580069,0.001072233,0.00101209,0.000716784,0.000986901,0.000781567,0.000593348,0.000703867,0.000604753,0.00152991,0.000931519,0.000480109,0.001013028,0.000248676,0.001079579,0.000201722,0.000656162,0.000965384,0.000556587,0.001112357,0.000634761,0.000878276,0.000840738,0.000649117,0.000878811,0.001611032,0.001002822,0.001350741,0.000496607,0.000893057
0.000547472,0.000589621,0.000608554,0.002096219,0.001038631,0.000881892,0.000629599,0.000793802,0.000502194,0.001101129,0.000892021,0.001283076,0.001031091,0.000949564,0.000670347,0.001067281,0.000996184,0.000776483,0.000966828,0.000847782,0.000942857,0.000814318,0.000663583,0.000900554,0.000694162,0.000806883,0.001248976,0.000757996,0.000788492,0.001080791,0.000769254,0.001143496,0.000721885,0.000796621,0.000164094,0.000372252,0.000821168,0.000541229,0.000350057,0.000234628,0.000886607,0.000938899,0.001231933,0.000917947,0.00094162,0.001309697,0.001255536,0.00102858,0.001062848,0.000690292,0.000692582,0.001096474,0.001079375,0.000926492,0.001197493,0.001083223,0.000928105,0.001320294,0.000583705,0.001243444,0.001201723,0.001402818,0.001178471,0.00117891,0.001111893,0.001095474,0.000597292,0.000891339,0.001174294,0.000656616,0.001391091,0.000777814,0.001153579,0.000412955,0.000903003,0.001065006,0.001198008,0.00082355,0.000381509,0.000671759,0.000978706,0.00098454,0.000747904,0.000196291,0.000715672,0.000308916,0.000953355,0.000191965,0.000861849,0.000601622,0.001404537,0.000617945,0.00110213,0.000647523,0.000663208,0.000412764,0.001108464
0.000364495,0.000321875,0.0004931,0.001038631,0.001593243,0.000536838,0.000353523,0.000679244,0.000371501,0.000669726,0.00044233,0.000874369,0.000735481,0.001226979,0.000657995,0.000704969,0.000651136,0.000538334,0.000683537,0.000561027,0.000414469,0.000659081,0.00047318,0.000492219,0.00045065,0.000613286,0.000745423,0.000565848,0.000488829,0.000759039,0.000627214,0.000713853,0.000425674,0.000558451,0.00034533,0.000436426,0.00061571,0.000576715,0.000272971,0.000242771,0.000757063,0.000654326,0.00097063,0.000659964,0.000644328,0.001066768,0.000657436,0.00060872,0.000611732,0.000509387,0.000412027,0.000700858,0.000754833,0.000998896,0.001012616,0.000851409,0.000785244,0.001016493,0.000398382,0.000723493,0.000616181,0.001025067,0.000619892,0.000574165,0.00073515,0.000721049,0.000400266,0.000552165,0.000734628,0.000563374,0.000801578,0.000596712,0.000726456,0.00027669,0.000636548,0.000520453,0.000950137,0.000613843,0.000232916,0.000565149,0.000578801,0.000722995,0.00073121,0.000145022,0.000462795,0.000209879,0.000675596,0.000158113,0.00062146,0.000474753,0.000751203,0.000497373,0.000714756,0.000616859,0.000541966,0.000382673,0.000759269
0.000547924,0.000456005,0.000753993,0.000881892,0.000536838,0.001129414,0.000670455,0.000545777,0.000667483,0.001068871,0.000539167,0.000948113,0.000865067,0.000940991,0.000590185,0.000622347,0.000779986,0.000699009,0.000449534,0.001056055,0.000555639,0.000816646,0.000629101,0.000523299,0.000572592,0.000609328,0.000874833,0.000842309,0.000868385,0.001088656,0.000760582,0.001255948,0.000625481,0.000914522,0.000122597,0.000496053,0.000647797,0.000770059,0.000340387,0.000351004,0.000817726,0.000815147,0.00071147,0.000974759,0.000866762,0.001272006,0.00091566,0.000768021,0.000781136,0.000559029,0.000573224,0.000750528,0.001073245,0.000641049,0.001085447,0.001065718,0.000709775,0.001012417,0.000662111,0.000951604,0.000894962,0.001277265,0.000743789,0.000797341,0.000699088,0.000694937,0.000533293,0.000821862,0.001060612,0.000658455,0.000894847,0.000866711,0.001065732,0.000397498,0.000713505,0.001013841,0.000922242,0.000917116,0.000220199,0.000819438,0.000880677,0.000901943,0.000314999,0.000257062,0.000576817,0.000345919,0.00074289,0.000234185,0.000777131,0.000401151,0.000768311,0.000574168,0.001069643,0.000675707,0.000787965,0.000441788,0.001037639
0.000572436,0.000416681,0.00066914,0.000629599,0.000353523,0.000670455,0.002278552,0.00073804,0.000871105,0.001039797,0.000535879,0.001240458,0.000603197,0.001056987,0.001000312,0.000410406,0.001807669,0.000736537,0.000760176,0.001498952,0.000813819,0.000911849,0.000522539,0.000435985,0.000689087,0.000237424,0.000809625,0.00105976,0.000779179,0.000890927,0.000651841,0.000975245,0.000769183,0.000715287,0.000246172,0.00090124,0.000599052,0.001367483,0.000321501,0.000531683,0.000952753,0.000745778,0.000317524,0.001090742,0.001417421,0.001762101,0.000776272,0.000640818,0.00054749,0.000108164,0.000497775,0.000394854,0.001230665,0.000356883,0.001087112,0.00096731,0.000875277,0.000894793,0.001023068,0.000680948,0.001066997,0.001494427,0.000633236,0.000869801,0.000929811,0.000662774,0.000388771,0.000934723,0.000691393,0.000893861,0.000797611,0.000789654,0.000980161,0.000332059,0.001276674,0.000852394,0.000657086,0.000739683,0.000208682,0.000654889,0.000552853,0.001157557,0.000168133,0.000284825,0.000382579,0.000318407,0.000827281,0.000182045,0.000816628,0.00033859,0.000487185,0.000503102,0.001174772,0.000953597,0.000442035,0.000382202,0.001306625
0.000420671,0.000558888,0.000705418,0.000793802,0.000679244,0.000545777,0.00073804,0.002736346,0.001008806,0.000912582,0.000282503,0.001007453,0.000690821,0.000714155,0.001198515,0.000545739,0.000654314,0.000635235,0.000942778,0.001114754,0.001021558,0.00091051,0.00048775,0.000539918,0.001646274,0.000464345,0.000413931,0.000977384,0.000760633,0.000816832,0.000800253,0.001055049,0.001123683,0.000879976,0.001034559,0.001127357,0.000878595,0.000860369,0.000195974,0.000714335,0.00084796,0.000561351,0.000326457,0.001093605,0.001141516,0.001291694,0.000897895,0.000340369,0.000693196,0.000329165,0.000418848,0.000262803,0.001329839,0.000593428,0.000765818,0.000796353,0.000617447,0.00093557,0.001036535,0.000582384,0.000418373,0.001161638,0.000347649,0.000923091,0.00163911,0.000448332,0.000308652,0.000955253,0.000748139,0.001232582,0.000795227,0.000827439,0.000656873,0.000361036,0.001422488,0.000594826,0.000535657,0.00066938,0.000482149,0.000673605,0.000284675,0.001058849,0.000798242,0.000281319,0.000641075,0.000305272,0.000747177,0.000338518,0.000662762,0.000702374,0.000522335,0.000649998,0.001074433,0.00120137,0.00068583,0.000779303,0.001261391
0.000533415,0.000451877,0.000752172,0.000502194,0.000371501,0.000667483,0.000871105,0.001008806,0.002084679,0.001151444,0.000287249,0.001031072,0.000476454,0.000522765,0.001659272,0.000280895,0.000556055,0.000718757,0.000599565,0.001793661,0.000507062,0.000509113,0.000476773,0.000327765,0.001504304,0.000734243,0.00056146,0.001272949,0.000848676,0.000868001,0.000741365,0.00107261,0.000915286,0.000810693,0.00055685,0.001344676,0.000823543,0.001265105,0.000203455,0.000274281,0.000962643,0.000842679,0.000258265,0.001194144,0.001387746,0.001404655,0.001079346,0.000635383,0.00084422,0.000378117,0.000484173,0.000236554,0.001387402,0.000406089,0.000871059,0.000746349,0.000367474,0.000858804,0.001436141,0.000605702,0.000515004,0.001139782,0.000383457,0.001081032,0.001205076,0.000302446,0.00031531,0.001100169,0.000874037,0.001492447,0.000526151,0.000771875,0.000859569,0.000406692,0.001314315,0.000554774,0.000703927,0.000819319,0.000311357,0.000707273,0.000368525,0.001132005,0.000112414,0.000336258,0.000554477,0.000338234,0.000791553,0.000306653,0.00071918,0.000418756,0.000455702,0.000595689,0.001325873,0.00146616,0.000622432,0.000334005,0.00094795
0.000828192,0.000455644,0.000742537,0.001101129,0.000669726,0.001068871,0.001039797,0.000912582,0.001151444,0.003261433,0.000852411,0.001833377,0.001201801,0.001148304,0.001002533,0.000660096,0.000827907,0.00106797,0.00061428,0.001931398,0.000815942,0.001067803,0.000809469,0.000657208,0.001224079,0.000738589,0.001194703,0.001091759,0.001253626,0.001359714,0.001136216,0.001623955,0.001041598,0.001026715,0.000381843,0.000872698,0.001024564,0.001256859,0.000480485,0.00069308,0.001280209,0.001215171,0.000848166,0.001400503,0.001112708,0.001845525,0.00112391,0.00094012,0.001046843,0.00055918,0.000714978,0.001082274,0.001412384,0.000666003,0.001490055,0.00144603,0.000985976,0.00166928,0.00121814,0.00132511,0.001437453,0.002266165,0.00116219,0.001361569,0.001168565,0.001069469,0.000692803,0.001121742,0.001420886,0.001182966,0.001095937,0.001083146,0.0015987,0.000618161,0.0014791,0.00102163,0.001202932,0.001282324,0.000255604,0.000890591,0.000943477,0.001736877,0.000461204,0.000219065,0.000569964,0.000393562,0.000855587,0.000185144,0.001155399,0.000350724,0.000869539,0.000586794,0.00144413,0.001120598,0.001023917,0.000531315,0.001480389
0.000393554,0.000355484,0.000475526,0.000892021,0.00044233,0.000539167,0.000535879,0.000282503,0.000287249,0.000852411,0.001954529,0.000830847,0.000773415,0.000369954,0.000368423,0.000599063,0.000727014,0.000595252,0.00039602,0.00035587,0.000589258,0.000610971,0.000403792,0.000697462,0.000355031,0.000631173,0.001419425,0.000479348,0.000521379,0.000695737,0.000447983,0.000941316,0.000353332,0.000676884,-0.000166192,0.000108597,0.000762165,0.000504517,0.000307316,0.0003622,0.000391953,0.000865792,0.000986514,0.000559923,0.000682109,0.00097704,0.000560894,0.000750851,0.000577103,0.000454118,0.000466515,0.000769153,0.000635027,0.000544436,0.000832653,0.000644123,0.00081869,0.000861916,0.000372327,0.000803902,0.000602681,0.000893507,0.001213243,0.000719626,0.000800986,0.000965222,0.000514793,0.000586472,0.000561837,0.00022022,0.00102286,0.00058517,0.000936468,0.00030047,0.000569567,0.00076063,0.000691639,0.000551312,0.000170368,0.000454305,0.000734998,0.000747078,0.000374088,0.000132283,0.000452388,0.000195777,0.000653997,0.000160997,0.000612207,0.000251004,0.000685233,0.000379381,0.000844568,0.000400223,0.000525431,0.000271408,0.000738877
0.000761003,0.000379184,0.000551761,0.001283076,0.000874369,0.000948113,0.001240458,0.001007453,0.001031072,0.001833377,0.000830847,0.003717381,0.001303787,0.001035475,0.001211925,0.000707501,0.001347368,0.000862896,0.001185714,0.001819957,0.001046849,0.000985711,0.000747256,0.000874633,0.001326584,0.000897918,0.001399965,0.001253877,0.001170606,0.001312261,0.001123279,0.001772478,0.001278126,0.00077981,0.000162803,0.000861606,0.000814236,0.001240039,0.000373919,0.000278412,0.001365679,0.001385919,0.000965712,0.001266086,0.001528267,0.002242788,0.001529396,0.001128568,0.001255897,0.000478692,0.000691974,0.001182195,0.001324129,0.000735737,0.001459275,0.001295562,0.00116908,0.001565022,0.001056176,0.001196652,0.001668265,0.002175089,0.000955999,0.001316256,0.001748112,0.001334134,0.000572313,0.001114903,0.001379994,0.001095958,0.001338264,0.00118567,0.00158856,0.000322793,0.001966581,0.001425362,0.000894954,0.000990809,0.000201583,0.000821041,0.001013613,0.001720687,0.000969747,0.000237472,0.000498043,0.000334214,0.00090668,0.000200404,0.001172285,0.000407953,0.000892584,0.000764694,0.001275533,0.001130777,0.000590939,0.000296564,0.001706364
0.00044829,0.000371789,0.000419753,0.001031091,0.000735481,0.000865067,0.000603197,0.000690821,0.000476454,0.001201801,0.000773415,0.001303787,0.003765728,0.000712869,0.000297797,0.000639897,0.001346026,0.000581039,0.000853545,0.000782123,0.000941784,0.000720357,0.000609222,0.001107,0.000904421,0.0006412,0.000949141,0.000807082,0.000850808,0.001062886,0.000643398,0.001369005,0.00058172,0.000588697,-0.000289537,0.000296591,0.000486172,0.000839933,0.000358855,0.000160492,0.000552289,0.00111363,0.000900584,0.001030281,0.001017372,0.00184235,0.001010138,0.000537639,0.001353839,0.000512767,0.000531733,0.001367125,0.001029814,0.000747438,0.000998347,0.001187342,0.001004487,0.001431156,0.000298416,0.001210569,0.001423759,0.001536981,0.000823235,0.001266182,0.00102528,0.001036754,0.000632949,0.000830778,0.001385462,0.000749976,0.000982095,0.000792323,0.001018848,0.000344542,0.001478297,0.001348751,0.00062816,0.000779211,0.000120422,0.000653269,0.001369493,0.000979479,0.000503453,9.26E-05,0.000491991,0.000229125,0.000946202,6.64E-05,0.000618068,0.000485438,0.000767054,0.000595219,0.000987761,0.000779754,0.000470711,0.000435486,0.001280633
0.000692954,0.000787431,0.001285254,0.000949564,0.001226979,0.000940991,0.001056987,0.000714155,0.000522765,0.001148304,0.000369954,0.001035475,0.000712869,0.005869699,0.000914636,0.001035581,0.001418796,0.001193172,0.000766086,0.001252933,0.000612985,0.001465769,0.000814578,0.000745702,0.00078655,0.000736373,0.001034543,0.000862541,0.000938889,0.000949538,0.001085724,0.001079317,0.000476178,0.00149258,0.000295328,0.000497723,0.000866229,0.0009985,0.000351756,0.001021258,0.000990059,0.000750171,0.00207886,0.001259087,0.000798728,0.001619938,0.000909663,0.000448017,0.000661295,0.000226799,0.000666253,0.000621502,0.001297314,0.00053615,0.000938032,0.001237161,0.000849717,0.001552211,0.000695299,0.000865974,0.001034589,0.001632388,0.000698879,0.001681209,0.000853877,0.000649548,0.000634146,0.000473344,0.001093135,0.000652152,0.000916258,0.001137844,0.001175388,0.000455977,0.000524498,0.001069361,0.001301932,0.00099313,0.000157557,0.001016786,0.000348312,0.001182136,0.000387989,0.000399148,0.000720157,0.000418421,0.000946123,0.000319731,0.001073848,0.000573664,0.000844088,0.000629168,0.001277359,0.000712678,0.000890288,0.000386015,0.001260389
0.000512686,0.000743681,0.00131944,0.000670347,0.000657995,0.000590185,0.001000312,0.001198515,0.001659272,0.001002533,0.000368423,0.001211925,0.000297797,0.000914636,0.003294961,0.000376311,0.000666087,0.000887427,0.000891756,0.001944531,0.00064194,0.000888908,0.00053703,0.000430231,0.001402404,0.000809043,0.000639591,0.001164932,0.001009402,0.000873698,0.000885222,0.001184903,0.001024127,0.001298557,0.000561248,0.002034968,0.000992541,0.001585621,0.00023347,0.000833915,0.001298878,0.000995124,0.000471268,0.001297156,0.001348483,0.001422842,0.001432593,0.000833841,0.000478501,0.000361137,0.000568085,0.000147559,0.001436898,0.00066832,0.000452692,0.000717753,0.000522199,0.000890616,0.001585027,0.000625566,0.000702797,0.001096273,0.000618163,0.000944913,0.001286343,0.000406009,0.00030541,0.000956977,0.001216935,0.00186126,0.000812026,0.00097718,0.001046506,0.000527226,0.001297097,0.000616506,0.001045383,0.000854944,0.000471329,0.000917991,0.000166149,0.001774817,0.000220192,0.000641925,0.000774173,0.000521535,0.001081936,0.00058298,0.000668953,0.000738048,0.000569136,0.000824124,0.001735698,0.001743256,0.000852513,0.000484441,0.001069306
0.000394651,0.000374065,0.000778089,0.001067281,0.000704969,0.000622347,0.000410406,0.000545739,0.000280895,0.000660096,0.000599063,0.000707501,0.000639897,0.001035581,0.000376311,0.002546742,0.000864721,0.00072975,0.000278857,0.000571209,0.000463876,0.000750289,0.000433333,0.000413902,0.000633983,0.000494522,0.000905825,0.0005517,0.000668951,0.000670434,0.000603314,0.000775124,0.000474447,0.000637198,3.53E-05,0.000178824,0.000638463,0.000500235,0.000245228,0.000362227,0.000505939,0.000530118,0.000869295,0.000486017,0.000848166,0.00114896,0.000675646,0.000633255,0.000639117,0.000392626,0.000500172,0.001213489,0.000692785,0.000580932,0.000694943,0.000722561,0.000744901,0.001173821,0.000338515,0.000784302,0.000911743,0.000926805,0.000616737,0.000704257,0.000581182,0.000697643,0.000408075,0.000553665,0.000635371,0.000468542,0.000932431,0.000677307,0.000800213,0.000310875,0.000739394,0.000683904,0.001048489,0.000557118,8.42E-05,0.000654227,0.001042655,0.000629273,0.00064124,0.000153979,0.00039468,0.000250422,0.000554911,0.000134301,0.000676942,0.000304893,0.000753775,0.000291757,0.000951571,0.000412977,0.000676774,0.000261411,0.000784742
0.000598209,0.000229116,0.000283442,0.000996184,0.000651136,0.000779986,0.001807669,0.000654314,0.000556055,0.000827907,0.000727014,0.001347368,0.001346026,0.001418796,0.000666087,0.000864721,0.004313695,0.000853686,0.000890281,0.001522313,0.001142812,0.001089825,0.000630605,0.000293028,0.0005507,0.000726126,0.000728912,0.001085095,0.000833641,0.000865792,0.000654021,0.001077308,0.000899961,0.000639357,0.000228092,0.000396436,0.00054922,0.000973641,0.00030849,0.000212204,0.000656521,0.000592292,0.000586955,0.000899873,0.001747906,0.00285315,0.001070451,0.00054931,0.001359022,0.000152789,0.00047988,0.001281526,0.000859412,0.000681972,0.001394212,0.001029901,0.001138486,0.001595777,0.000572203,0.000995301,0.001999469,0.001992761,0.000689418,0.001442025,0.001027379,0.000963489,0.000391585,0.000815987,0.000914091,0.000472789,0.001018479,0.000920058,0.001187469,0.000207169,0.001257387,0.001037061,0.000805432,0.000831589,-8.51E-06,0.000832588,0.001161925,0.00132918,0.000197327,7.41E-05,0.000262403,0.000243317,0.000835858,-1.32E-05,0.000937047,0.000293225,0.000550092,0.000364376,0.001188758,0.000804201,0.000361221,0.000290527,0.001504376
0.000625831,0.000699214,0.001117122,0.000776483,0.000538334,0.000699009,0.000736537,0.000635235,0.000718757,0.00106797,0.000595252,0.000862896,0.000581039,0.001193172,0.000887427,0.00072975,0.000853686,0.001947704,0.000542424,0.000931924,0.000556322,0.001056026,0.000565842,0.000589753,0.000635843,0.000557873,0.00066612,0.000824997,0.000829411,0.000915903,0.000992466,0.001077975,0.000584392,0.001122148,0.00055382,0.000496096,0.000802606,0.000975902,0.000358939,0.00081332,0.000540099,0.000751067,0.000738694,0.000914121,0.000947291,0.001410543,0.000939552,0.000708089,0.000598507,0.000479519,0.000563453,0.000826037,0.001036241,0.0006249,0.001055527,0.001040519,0.000650548,0.000990512,0.000671833,0.00085269,0.000906065,0.001257504,0.000623727,0.000980023,0.0007451,0.000729698,0.000491479,0.000657666,0.001005749,0.000772673,0.000880204,0.001009186,0.00089973,0.000455998,0.000846965,0.000748613,0.001198676,0.000748493,0.000344668,0.000885333,0.000572346,0.001204434,0.00042769,0.000380127,0.000787145,0.000484185,0.001008297,0.000406518,0.001001694,0.000545967,0.000732585,0.000787184,0.001342848,0.00074379,0.000809,0.000402739,0.000933986
0.000330995,0.000420571,0.000534369,0.000966828,0.000683537,0.000449534,0.000760176,0.000942778,0.000599565,0.00061428,0.00039602,0.001185714,0.000853545,0.000766086,0.000891756,0.000278857,0.000890281,0.000542424,0.003003352,0.001085394,0.001151419,0.000789557,0.000373371,0.000954965,0.001148456,0.000941249,0.000791177,0.000692226,0.000491846,0.000653597,0.000618181,0.000778728,0.000987819,0.000827484,0.000477327,0.000810149,0.000786534,0.000608989,0.000165737,0.000381807,0.000704151,0.000801372,0.000779902,0.000871734,0.000881706,0.001233008,0.001524062,0.000834409,0.000884782,0.00033691,0.000462418,0.000402454,0.001009251,0.00074209,0.000916058,0.00076107,0.000686891,0.001158473,0.000579991,0.000738026,0.000748873,0.001158355,0.000508881,0.000696712,0.001557282,0.000607533,0.000438878,0.000778067,0.001031217,0.000785376,0.000867178,0.000638303,0.00088417,0.000248042,0.000821037,0.000762713,0.000651813,0.000642385,0.000328458,0.000462954,0.000463818,0.000984676,0.000821687,7.15E-05,0.000469317,0.000195342,0.000539648,3.56E-05,0.000465567,0.00039596,0.00081328,0.000311071,0.000822628,0.000787511,0.000419157,0.000618038,0.000965895
0.000837085,0.000395063,0.001012063,0.000847782,0.000561027,0.001056055,0.001498952,0.001114754,0.001793661,0.001931398,0.00035587,0.001819957,0.000782123,0.001252933,0.001944531,0.000571209,0.001522313,0.000931924,0.001085394,0.005307349,0.000802305,0.001271629,0.000793381,0.000504085,0.001244915,0.000766398,0.00077638,0.001991638,0.001430924,0.001273525,0.00140126,0.002175982,0.001006783,0.001102493,0.001132629,0.00161041,0.001197915,0.0015937,0.000284223,0.000474226,0.001729962,0.00130964,0.000400803,0.001951742,0.001670586,0.002094642,0.001914759,0.001037584,0.001108088,0.000412982,0.000535573,0.000555753,0.002087656,0.0005112,0.001477102,0.001322548,0.001041645,0.001821835,0.002212232,0.001020784,0.001954132,0.002248082,0.000451397,0.001568911,0.001462853,0.000502646,0.000404702,0.00160243,0.001685626,0.00182666,0.000808401,0.001160165,0.001398638,0.000598418,0.001736893,0.000547207,0.001200921,0.001039994,0.000301982,0.0011385,0.00089143,0.002108745,4.03E-05,0.00034265,0.000394137,0.00050661,0.001031548,0.000272421,0.001075263,0.000430224,0.000733938,0.000757349,0.001982138,0.001867528,0.000862132,0.000570105,0.001751512
0.000320507,0.000148175,9.79E-05,0.000942857,0.000414469,0.000555639,0.000813819,0.001021558,0.000507062,0.000815942,0.000589258,0.001046849,0.000941784,0.000612985,0.00064194,0.000463876,0.001142812,0.000556322,0.001151419,0.000802305,0.004117131,0.000722162,0.000472066,0.000691554,0.000960998,0.000805306,0.000615373,0.000559495,0.000822076,0.000791659,0.000655018,0.00046864,0.00114588,0.000510871,0.000710784,0.000648313,0.000631484,0.000450463,0.000158459,0.00023234,0.000477529,0.000430346,0.000589691,0.000756778,0.001018898,0.001425333,0.000733593,0.000784572,0.001145881,0.00020265,0.000253813,0.001159698,0.000584568,0.00034437,0.001107911,0.000928933,0.000748821,0.001270301,0.000500847,0.000875495,0.001574281,0.001372108,0.000367286,0.001406029,0.001448438,0.000914832,0.000313988,0.00098576,0.000722122,0.000745121,0.000941821,0.000669571,0.000685407,0.000142508,0.001024438,0.000667769,0.000322386,0.000437126,0.000232828,0.000588392,0.001205804,0.001113279,0.000901372,-2.19E-05,0.000313056,8.74E-05,0.00061087,-6.97E-05,0.000836848,9.29E-05,0.000589387,0.000240525,0.000786163,0.000555233,-4.91E-05,0.000666128,0.001068024
0.000609628,0.000460561,0.001158949,0.000814318,0.000659081,0.000816646,0.000911849,0.00091051,0.000509113,0.001067803,0.000610971,0.000985711,0.000720357,0.001465769,0.000888908,0.000750289,0.001089825,0.001056026,0.000789557,0.001271629,0.000722162,0.002288636,0.000691533,0.000637354,0.000920075,0.000624364,0.00084119,0.000925744,0.000896086,0.001096241,0.00129435,0.001229401,0.000543623,0.001365901,0.000342981,0.000685751,0.000720266,0.000877893,0.000398177,0.000939779,0.000912017,0.000768302,0.000674796,0.001167093,0.001195028,0.00151038,0.001242376,0.000631599,0.000658229,0.000451241,0.000559255,0.000711312,0.001228053,0.000670848,0.001158773,0.001145316,0.000817052,0.00134616,0.000624807,0.000801081,0.001211253,0.001412542,0.000776577,0.000890664,0.000783691,0.000667782,0.000616603,0.000673506,0.000944359,0.000804025,0.001037647,0.00106274,0.001002416,0.000461558,0.000700323,0.000714093,0.000935905,0.000907663,0.000295262,0.000971216,0.00066297,0.001182707,0.000516616,0.000398918,0.000507176,0.000411339,0.000773618,0.000328576,0.001087567,0.000395446,0.00069641,0.000705124,0.001220625,0.000751585,0.001023315,0.000656798,0.001190389
0.000479137,0.000372652,0.000550038,0.000663583,0.00047318,0.000629101,0.000522539,0.00048775,0.000476773,0.000809469,0.000403792,0.000747256,0.000609222,0.000814578,0.00053703,0.000433333,0.000630605,0.000565842,0.000373371,0.000793381,0.000472066,0.000691533,0.000598788,0.000434163,0.000580489,0.000394119,0.000575399,0.000666887,0.000650845,0.000768521,0.000669489,0.000857048,0.000476711,0.000688647,0.000174425,0.000446616,0.000530124,0.000658545,0.000278811,0.00039032,0.000657264,0.000552859,0.000625544,0.000716368,0.00065993,0.001050211,0.000635702,0.000505804,0.000498867,0.000336573,0.000383945,0.000464782,0.00076661,0.000544073,0.00082474,0.000865831,0.000569189,0.000820221,0.000567549,0.000646026,0.000742932,0.000983996,0.000525897,0.000715694,0.00053604,0.000605905,0.000384113,0.000604615,0.000763566,0.000563609,0.000678028,0.000670863,0.000766053,0.000332608,0.00067821,0.000527956,0.000685003,0.000623855,0.000253195,0.000603008,0.000561215,0.000751078,0.000322432,0.00024188,0.000456269,0.000311565,0.000629065,0.000214876,0.000681592,0.00033951,0.000530625,0.000508253,0.000803871,0.000535142,0.000575196,0.000311428,0.000828934
0.000386002,0.000594732,0.00066958,0.000900554,0.000492219,0.000523299,0.000435985,0.000539918,0.000327765,0.000657208,0.000697462,0.000874633,0.001107,0.000745702,0.000430231,0.000413902,0.000293028,0.000589753,0.000954965,0.000504085,0.000691554,0.000637354,0.000434163,0.00262026,0.000458856,0.000712871,0.001019983,0.000460781,0.000441848,0.000864186,0.000802629,0.000581245,0.00045019,0.000726561,-3.51E-05,0.000359721,0.000393492,0.00054456,0.000271907,0.000358381,0.00041453,0.000882524,0.001359771,0.000637568,0.000490634,0.000966268,0.00082538,0.000572234,0.000687143,0.000439444,0.000472672,0.000724217,0.000747687,0.000610694,0.00072766,0.000735475,0.000808313,0.000957245,0.00037697,0.000766086,0.000750548,0.000727751,0.000863672,0.000843172,0.000839218,0.000834809,0.000433009,0.000475321,0.000797723,0.000440105,0.000878207,0.000709677,0.000608218,0.000394727,0.000437913,0.001030615,0.000987462,0.000675256,0.00037918,0.000498562,0.000553336,0.000853586,0.000495758,0.000185904,0.000680774,0.000321624,0.000737221,0.000271986,0.000545486,0.000550941,0.000996801,0.000668837,0.000706349,0.000536687,0.000681172,0.00042033,0.000425975
0.000544566,0.000564314,0.000861094,0.000694162,0.00045065,0.000572592,0.000689087,0.001646274,0.001504304,0.001224079,0.000355031,0.001326584,0.000904421,0.00078655,0.001402404,0.000633983,0.0005507,0.000635843,0.001148456,0.001244915,0.000960998,0.000920075,0.000580489,0.000458856,0.004241317,0.000575776,0.000564288,0.001046185,0.00087353,0.000883129,0.000887354,0.000949805,0.000981026,0.000951225,0.000533464,0.001354001,0.001009956,0.001085133,6.32E-05,0.000636004,0.001008105,0.000827579,0.000264278,0.001458369,0.000801175,0.001142142,0.001080822,0.00056199,0.000683223,0.000396696,0.000577117,0.000506039,0.001528766,0.000490111,0.000967668,0.001161286,0.000785367,0.001383208,0.001095767,0.000744083,0.000612794,0.001044924,0.000444778,0.000934145,0.001357349,0.000549858,0.000419372,0.000965135,0.000833752,0.001425733,0.000630434,0.000659475,0.000936945,0.000407241,0.001496713,0.00066278,0.000773303,0.001032246,0.000469686,0.000620679,0.000260387,0.001282144,0.000588746,0.000341836,0.000575221,0.000354574,0.00077985,0.000336149,0.000503458,0.000526221,0.00042372,0.000616253,0.001378858,0.001530297,0.000842311,0.000834998,0.00123826
0.000342324,0.000482333,0.000531504,0.000806883,0.000613286,0.000609328,0.000237424,0.000464345,0.000734243,0.000738589,0.000631173,0.000897918,0.0006412,0.000736373,0.000809043,0.000494522,0.000726126,0.000557873,0.000941249,0.000766398,0.000805306,0.000624364,0.000394119,0.000712871,0.000575776,0.004070528,0.000841615,0.000626011,0.000433243,0.000908463,0.000672193,0.00117454,0.000438547,0.000758738,0.000489393,0.000598406,0.000730728,0.00037931,0.000175785,8.80E-05,0.000619452,0.000783565,0.001110073,0.000726481,0.000731011,0.00108368,0.00084375,0.000778243,0.000590579,0.00077743,0.000548481,0.000607692,0.000820695,0.000737523,0.000694306,0.000746993,0.000689074,0.000943052,0.000651022,0.000679511,0.000688193,0.000987651,0.001150706,0.001058012,0.000531406,0.000597507,0.000480959,0.000338034,0.000647131,0.000489625,0.000904737,0.000451267,0.000687695,0.000320501,0.000448193,0.000708752,0.000481412,0.000718911,0.000178141,0.000493095,0.000561639,0.000922185,0.000369996,0.000237964,0.000624746,0.000327053,0.000909211,0.000283319,0.000385408,0.000591436,0.000860031,0.00058609,0.000754578,0.000586255,0.000729411,0.000412489,0.000438187
0.000521836,0.000556401,0.000610266,0.001248976,0.000745423,0.000874833,0.000809625,0.000413931,0.00056146,0.001194703,0.001419425,0.001399965,0.000949141,0.001034543,0.000639591,0.000905825,0.000728912,0.00066612,0.000791177,0.00077638,0.000615373,0.00084119,0.000575399,0.001019983,0.000564288,0.000841615,0.003043324,0.000789558,0.000986245,0.001055785,0.000663508,0.001208803,0.0005635,0.000916701,-4.71E-05,0.000413624,0.001029072,0.000688476,0.000383475,0.000409783,0.000982943,0.001147786,0.001487111,0.000896962,0.000725144,0.001297553,0.001025716,0.001127364,0.000870014,0.000706416,0.000639856,0.001050791,0.001059418,0.000857234,0.00123171,0.000926445,0.001085788,0.001304627,0.00049786,0.001105536,0.001184741,0.001087936,0.001646171,0.001045384,0.000641086,0.001360365,0.000555433,0.000964681,0.000722187,0.000508633,0.001346237,0.000960883,0.001230304,0.000331582,0.000834355,0.001142138,0.001156795,0.000808482,0.000269395,0.000771226,0.000924199,0.001041602,0.000712371,0.000188885,0.00072276,0.000346659,0.000858314,0.000192499,0.000758591,0.000420317,0.000927693,0.000641619,0.001104344,0.000504653,0.000734788,0.000431857,0.001153154
0.000681768,0.000512454,0.000805996,0.000757996,0.000565848,0.000842309,0.00105976,0.000977384,0.001272949,0.001091759,0.000479348,0.001253877,0.000807082,0.000862541,0.001164932,0.0005517,0.001085095,0.000824997,0.000692226,0.001991638,0.000559495,0.000925744,0.000666887,0.000460781,0.001046185,0.000626011,0.000789558,0.0018299,0.001048963,0.00108324,0.000913745,0.001606993,0.000800925,0.000971686,0.000454979,0.001024388,0.000860466,0.001320917,0.000319216,0.000410195,0.001095305,0.00086708,0.000526578,0.0014297,0.001386816,0.001507558,0.001238696,0.000719449,0.000946405,0.000452952,0.000530604,0.000395269,0.00160605,0.000642032,0.001144984,0.001117559,0.000672078,0.001086657,0.001420423,0.00084391,0.000979961,0.001368614,0.000625278,0.001038913,0.00102099,0.00059921,0.000488213,0.001239822,0.00122623,0.001213361,0.00085426,0.000979564,0.001050667,0.000513021,0.001203478,0.000648379,0.00092789,0.000898725,0.000371253,0.000939893,0.000613235,0.001245527,0.000293806,0.000337417,0.000578606,0.000418387,0.00090677,0.000311585,0.000864063,0.00046089,0.000540887,0.000742478,0.001527713,0.001174093,0.000786217,0.000512139,0.00121918
0.000577399,0.00050216,0.000856664,0.000788492,0.000488829,0.000868385,0.000779179,0.000760633,0.000848676,0.001253626,0.000521379,0.001170606,0.000850808,0.000938889,0.001009402,0.000668951,0.000833641,0.000829411,0.000491846,0.001430924,0.000822076,0.000896086,0.000650845,0.000441848,0.00087353,0.000433243,0.000986245,0.001048963,0.001666137,0.001031708,0.000721892,0.001239072,0.000730639,0.001027998,0.000354364,0.000897494,0.000849603,0.000988227,0.000314357,0.000551067,0.001063628,0.000736784,0.000876464,0.001177249,0.001007062,0.001482982,0.000928263,0.000872109,0.000789786,0.000460324,0.000503154,0.000857338,0.001252946,0.000443455,0.001086546,0.001067936,0.000810267,0.00113817,0.000899271,0.000905516,0.001022129,0.00143209,0.000773273,0.000952376,0.00082076,0.000766378,0.000502153,0.00111998,0.00108592,0.001088776,0.000937699,0.000958344,0.000965954,0.000407495,0.000932794,0.000943671,0.001136815,0.000855826,0.000270413,0.000870013,0.000781641,0.001225705,0.000405483,0.000300116,0.000519005,0.000374723,0.000749304,0.000246664,0.00087408,0.000412225,0.000620332,0.000633293,0.00134749,0.000973821,0.000726387,0.000435854,0.001440458
0.000723796,0.000639477,0.000926793,0.001080791,0.000759039,0.001088656,0.000890927,0.000816832,0.000868001,0.001359714,0.000695737,0.001312261,0.001062886,0.000949538,0.000873698,0.000670434,0.000865792,0.000915903,0.000653597,0.001273525,0.000791659,0.001096241,0.000768521,0.000864186,0.000883129,0.000908463,0.001055785,0.00108324,0.001031708,0.001757315,0.000962725,0.001705189,0.000891466,0.00099063,0.000347645,0.00077774,0.000822249,0.001082999,0.000383468,0.000479986,0.000991186,0.001078083,0.000986753,0.00123622,0.001136767,0.001609271,0.000986346,0.000914183,0.001008234,0.000738135,0.000670969,0.00081535,0.001389756,0.000878307,0.001272714,0.001259082,0.001018531,0.001289817,0.000917788,0.001192919,0.001156593,0.001535496,0.000886768,0.001137442,0.001013237,0.000832883,0.000615537,0.000960752,0.001481945,0.000985398,0.001138364,0.000981828,0.001439887,0.000524497,0.000941123,0.001060712,0.001307419,0.001140958,0.000426689,0.000893816,0.000986446,0.001117965,0.000475851,0.000376684,0.00075799,0.000471102,0.00104033,0.000364481,0.001035711,0.000503034,0.000825252,0.000903332,0.00126297,0.000974785,0.001007967,0.000664789,0.001385682
0.000570517,0.000378944,0.000815075,0.000769254,0.000627214,0.000760582,0.000651841,0.000800253,0.000741365,0.001136216,0.000447983,0.001123279,0.000643398,0.001085724,0.000885222,0.000603314,0.000654021,0.000992466,0.000618181,0.00140126,0.000655018,0.00129435,0.000669489,0.000802629,0.000887354,0.000672193,0.000663508,0.000913745,0.000721892,0.000962725,0.002708276,0.0010366,0.000557588,0.001258784,0.000317013,0.000657868,0.000764057,0.000755927,0.000258666,0.000652451,0.000664228,0.00089886,0.000743654,0.000961025,0.001122503,0.00116119,0.001316299,0.000620624,0.000968518,0.000373909,0.000452486,0.000566773,0.001001181,0.000649644,0.001036329,0.001048926,0.000908763,0.001420909,0.000775381,0.000770562,0.001316471,0.001438076,0.000887668,0.001070736,0.000730719,0.0005462,0.000327545,0.000840683,0.000950766,0.000876569,0.000935553,0.001030995,0.000906387,0.000422782,0.000978619,0.000766165,0.00079973,0.000732183,0.000214895,0.000761684,0.000506085,0.001416248,0.000457044,0.000166984,0.000577552,0.000239497,0.000673586,0.000189027,0.001045355,0.000300268,0.00073736,0.000609978,0.001108558,0.000702516,0.000613558,0.000344098,0.001014121
0.000854434,0.000716406,0.001245631,0.001143496,0.000713853,0.001255948,0.000975245,0.001055049,0.00107261,0.001623955,0.000941316,0.001772478,0.001369005,0.001079317,0.001184903,0.000775124,0.001077308,0.001077975,0.000778728,0.002175982,0.00046864,0.001229401,0.000857048,0.000581245,0.000949805,0.00117454,0.001208803,0.001606993,0.001239072,0.001705189,0.0010366,0.005264199,0.001010379,0.001203977,0.000758836,0.001025916,0.00090483,0.001335595,0.000310151,0.000329627,0.001475161,0.001275149,0.001045635,0.002193906,0.001538928,0.002187187,0.001861072,0.001182621,0.000936889,0.000669916,0.00048489,0.000921111,0.002312945,0.000628074,0.001054325,0.001475282,0.000928751,0.001608065,0.001383777,0.001429206,0.001140837,0.002087936,0.000979718,0.001324354,0.000997612,0.00126607,0.000407038,0.001369494,0.001861375,0.001364968,0.001573805,0.001270638,0.00210702,0.000296454,0.001382122,0.001112043,0.001308523,0.001632978,0.000497344,0.001142481,0.001267357,0.00166988,0.000715137,0.00018873,0.000581587,0.000540861,0.001053918,0.000238886,0.001403548,0.000437514,0.00098796,0.000786522,0.00169557,0.00126875,0.001314575,0.000910949,0.001737783
0.00046439,0.000429941,0.000476312,0.000721885,0.000425674,0.000625481,0.000769183,0.001123683,0.000915286,0.001041598,0.000353332,0.001278126,0.00058172,0.000476178,0.001024127,0.000474447,0.000899961,0.000584392,0.000987819,0.001006783,0.00114588,0.000543623,0.000476711,0.00045019,0.000981026,0.000438547,0.0005635,0.000800925,0.000730639,0.000891466,0.000557588,0.001010379,0.002601298,0.000599927,0.000674389,0.000798332,0.000672844,0.000813925,0.000261733,0.000173787,0.000664773,0.000650618,0.000438606,0.000849883,0.001065093,0.001300967,0.000928935,0.000548627,0.000721428,0.000220287,0.000456806,0.000414307,0.000851949,0.000699477,0.000578393,0.000845593,0.000574654,0.000987874,0.000610072,0.00072113,0.000854563,0.001174997,0.000395243,0.00096884,0.001434678,0.000658671,0.000298336,0.00083162,0.001097496,0.000838648,0.000823115,0.000605092,0.001006764,0.000196179,0.001149373,0.000506995,0.000611138,0.000682639,0.000398658,0.000464873,0.000790919,0.000661871,0.000716066,0.000194475,0.000510525,0.000243369,0.000627918,0.000205128,0.000627962,0.000282589,0.000464671,0.000457903,0.000761824,0.00084129,0.000320378,0.000587569,0.000971081
0.000595042,0.000903233,0.001760587,0.000796621,0.000558451,0.000914522,0.000715287,0.000879976,0.000810693,0.001026715,0.000676884,0.00077981,0.000588697,0.00149258,0.001298557,0.000637198,0.000639357,0.001122148,0.000827484,0.001102493,0.000510871,0.001365901,0.000688647,0.000726561,0.000951225,0.000758738,0.000916701,0.000971686,0.001027998,0.00099063,0.001258784,0.001203977,0.000599927,0.003453726,0.000327232,0.001020821,0.000719921,0.001127031,0.00044254,0.001101814,0.001029885,0.000936085,0.001119539,0.001349429,0.001066076,0.001575736,0.001476337,0.000896254,0.000352821,0.000559185,0.000599172,0.000543844,0.001590217,0.000707979,0.001209162,0.000990238,0.000649332,0.00114987,0.000942629,0.000761481,0.000536848,0.001107056,0.000959014,0.001398298,0.000534086,0.000771318,0.000551469,0.00061755,0.001212825,0.000905432,0.00084781,0.001083569,0.000930363,0.000592355,0.000611432,0.000855835,0.001659626,0.000764101,0.000469251,0.000940846,0.000352439,0.00114411,0.000357052,0.000584008,0.000917926,0.000574349,0.00107065,0.000612686,0.001057347,0.000777882,0.000782879,0.000856041,0.001650346,0.000980642,0.001215357,0.000481419,0.001048192
